cam 0 0 0 -1 -1 -3 1 -1 -3 -1 1 -3 1 1 -3

ltd 0.57735027 -0.57735027 -0.57735027 1 1 1
ltd -0.57735027 0.57735027 0.57735027 1 1 1

xfs 4 2 2
mat 0.1 0.1 0.1 1 0 0 1 1 1 50 0.9 0.9 0.9
sph 0 0 -17 1

xfz
xfs 0.5 1.5 1
xfr 0 -45 -45
mat 0.1 0.1 0.1 0 1 0 1 1 1 50 0.9 0.9 0.9
sph -2 4 -17 1

xfz
xfs 0.5 1.5 1
xfr 0 -45 45
mat 0.1 0.1 0.1 0 0 1 1 1 1 50 0.9 0.9 0.9
sph -2 -4 -17 1

xfz
xfs 0.5 1.5 1
xfr 0 45 -135
mat 0.1 0.1 0.1 1 1 0 1 1 1 50 0.9 0.9 0.9
sph 2 4 -17 1

xfz
xfs 0.5 1.5 1
xfr 0 45 135
mat 0.1 0.1 0.1 0 1 1 1 1 1 50 0.9 0.9 0.9
sph 2 -4 -17 1
